Core, 0
Cumulative Cycles, 12156283            
Cumulative Instructions, 20000000            
Cumulative IPC, 1.64524
Periodic Cycles, 6147023             
Periodic Instructions, 9999997             
Periodic IPC, 1.62680

EXECUTION_TIME_count, 1920944687500
EXECUTION_TIME_total_count, 3798838437500

NODE_CYCLE_count,       6147023
NODE_CYCLE_total_count,      12156283

NODE_INST_COUNT_count,       9999997
NODE_INST_COUNT_total_count,      20000000

NODE_INST_COUNT_FETCHED_count,       5653247
NODE_INST_COUNT_FETCHED_total_count,      11712088

NODE_UOP_COUNT_count,      24369103
NODE_UOP_COUNT_total_count,      47618888

FULL_WINDOW_STALL_count,       3768898
FULL_WINDOW_STALL_pct,       61.313
FULL_WINDOW_STALL_total_count,       7231380
FULL_WINDOW_STALL_total_pct,       59.487

FULL_WINDOW_MEM_OP_count,        197391
FULL_WINDOW_MEM_OP_pct,       98.988
FULL_WINDOW_MEM_OP_total_count,        434591
FULL_WINDOW_MEM_OP_total_pct,       99.032

FULL_WINDOW_FP_OP_count,          1366
FULL_WINDOW_FP_OP_pct,        0.685
FULL_WINDOW_FP_OP_total_count,          2927
FULL_WINDOW_FP_OP_total_pct,        0.667

FULL_WINDOW_OTHER_OP_count,           653
FULL_WINDOW_OTHER_OP_pct,        0.327
FULL_WINDOW_OTHER_OP_total_count,          1322
FULL_WINDOW_OTHER_OP_total_pct,        0.301
FULL_WINDOW_OTHER_OP_sum_count,        199410
FULL_WINDOW_OTHER_OP_sum_pct,      100.000
FULL_WINDOW_OTHER_OP_sum_total_count,        438840
FULL_WINDOW_OTHER_OP_sum_total_pct,      100.000
FULL_WINDOW_OTHER_OP_mean,         0.01
FULL_WINDOW_OTHER_OP_stddev,         0.14
FULL_WINDOW_OTHER_OP_total_mean,         0.01
FULL_WINDOW_OTHER_OP_total_stddev,         0.14

RET_BLOCKED_DC_MISS_count,        216523
RET_BLOCKED_DC_MISS_pct,        3.522
RET_BLOCKED_DC_MISS_total_count,        517268
RET_BLOCKED_DC_MISS_total_pct,        4.255

RET_BLOCKED_L1_MISS_count,        125078
RET_BLOCKED_L1_MISS_pct,        2.035
RET_BLOCKED_L1_MISS_total_count,        365373
RET_BLOCKED_L1_MISS_total_pct,        3.006

RET_BLOCKED_L1_MISS_BW_PREF_count,          2017
RET_BLOCKED_L1_MISS_BW_PREF_pct,        0.033
RET_BLOCKED_L1_MISS_BW_PREF_total_count,         41871
RET_BLOCKED_L1_MISS_BW_PREF_total_pct,        0.344

RET_BLOCKED_L1_ACCESS_count,         96575
RET_BLOCKED_L1_ACCESS_pct,        1.571
RET_BLOCKED_L1_ACCESS_total_count,        199472
RET_BLOCKED_L1_ACCESS_total_pct,        1.641

RET_BLOCKED_MEM_STALL_count,        129426
RET_BLOCKED_MEM_STALL_pct,        2.106
RET_BLOCKED_MEM_STALL_total_count,        373620
RET_BLOCKED_MEM_STALL_total_pct,        3.073

RET_BLOCKED_OFFCHIP_DEMAND_count,             0
RET_BLOCKED_OFFCHIP_DEMAND_pct,        0.000
RET_BLOCKED_OFFCHIP_DEMAND_total_count,             0
RET_BLOCKED_OFFCHIP_DEMAND_total_pct,        0.000

OP_ISSUED_count,      24493437
OP_ISSUED_total_count,      48042256

OP_RETIRED_count,      24369103
OP_RETIRED_total_count,      47618888

REPLAY_SIGNALED_count,             0
REPLAY_SIGNALED_total_count,             0

REPLAY_COUNTED_count,             0
REPLAY_COUNTED_total_count,             0

OFF_CRITICAL_PATH_count,             0
OFF_CRITICAL_PATH_pct,         -nan
OFF_CRITICAL_PATH_total_count,             0
OFF_CRITICAL_PATH_total_pct,         -nan

ON_CRITICAL_PATH_count,             0
ON_CRITICAL_PATH_pct,         -nan
ON_CRITICAL_PATH_total_count,             0
ON_CRITICAL_PATH_total_pct,         -nan
ON_CRITICAL_PATH_sum_count,             0
ON_CRITICAL_PATH_sum_pct,         -nan
ON_CRITICAL_PATH_sum_total_count,             0
ON_CRITICAL_PATH_sum_total_pct,         -nan
ON_CRITICAL_PATH_mean,         -nan
ON_CRITICAL_PATH_stddev,         -nan
ON_CRITICAL_PATH_total_mean,         -nan
ON_CRITICAL_PATH_total_stddev,         -nan

LD_NO_DEPENDENTS_count,         17113
LD_NO_DEPENDENTS_pct,        0.815
LD_NO_DEPENDENTS_total_count,         34787
LD_NO_DEPENDENTS_total_pct,        0.797

LD_DEPENDENTS_count,       2083245
LD_DEPENDENTS_pct,       99.185
LD_DEPENDENTS_total_count,       4329111
LD_DEPENDENTS_total_pct,       99.203
LD_DEPENDENTS_sum_count,       2100358
LD_DEPENDENTS_sum_pct,      100.000
LD_DEPENDENTS_sum_total_count,       4363898
LD_DEPENDENTS_sum_total_pct,      100.000
LD_DEPENDENTS_mean,         0.99
LD_DEPENDENTS_stddev,         0.99
LD_DEPENDENTS_total_mean,         0.99
LD_DEPENDENTS_total_stddev,         0.99

LD_EXEC_CYCLES_0_count,             0
LD_EXEC_CYCLES_0_pct,        0.000
LD_EXEC_CYCLES_0_total_count,             0
LD_EXEC_CYCLES_0_total_pct,        0.000

LD_EXEC_CYCLES_1_count,             0
LD_EXEC_CYCLES_1_pct,        0.000
LD_EXEC_CYCLES_1_total_count,             0
LD_EXEC_CYCLES_1_total_pct,        0.000

LD_EXEC_CYCLES_2_count,             0
LD_EXEC_CYCLES_2_pct,        0.000
LD_EXEC_CYCLES_2_total_count,             0
LD_EXEC_CYCLES_2_total_pct,        0.000

LD_EXEC_CYCLES_3_count,            67
LD_EXEC_CYCLES_3_pct,       47.518
LD_EXEC_CYCLES_3_total_count,           124
LD_EXEC_CYCLES_3_total_pct,       44.286

LD_EXEC_CYCLES_4_count,            74
LD_EXEC_CYCLES_4_pct,       52.482
LD_EXEC_CYCLES_4_total_count,           156
LD_EXEC_CYCLES_4_total_pct,       55.714
LD_EXEC_CYCLES_4_sum_count,           141
LD_EXEC_CYCLES_4_sum_pct,      100.000
LD_EXEC_CYCLES_4_sum_total_count,           280
LD_EXEC_CYCLES_4_sum_total_pct,      100.000
LD_EXEC_CYCLES_4_mean,         3.52
LD_EXEC_CYCLES_4_stddev,         2.61
LD_EXEC_CYCLES_4_total_mean,         3.56
LD_EXEC_CYCLES_4_total_stddev,         2.71

ICACHE_STAGE_STARVED_count,        125637
ICACHE_STAGE_STARVED_pct,        2.112
ICACHE_STAGE_STARVED_total_count,        306534
ICACHE_STAGE_STARVED_total_pct,        2.631

ICACHE_STAGE_NOT_STARVED_count,       5824298
ICACHE_STAGE_NOT_STARVED_pct,       97.888
ICACHE_STAGE_NOT_STARVED_total_count,      11345714
ICACHE_STAGE_NOT_STARVED_total_pct,       97.369
ICACHE_STAGE_NOT_STARVED_sum_count,       5949935
ICACHE_STAGE_NOT_STARVED_sum_pct,      100.000
ICACHE_STAGE_NOT_STARVED_sum_total_count,      11652248
ICACHE_STAGE_NOT_STARVED_sum_total_pct,      100.000
ICACHE_STAGE_NOT_STARVED_mean,         0.98
ICACHE_STAGE_NOT_STARVED_stddev,         0.97
ICACHE_STAGE_NOT_STARVED_total_mean,         0.97
ICACHE_STAGE_NOT_STARVED_total_stddev,         0.96

ICACHE_STAGE_STALLED_count,        171206
ICACHE_STAGE_STALLED_pct,        2.785
ICACHE_STAGE_STALLED_total_count,        350559
ICACHE_STAGE_STALLED_total_pct,        2.884

ICACHE_STAGE_NOT_STALLED_count,       5887439
ICACHE_STAGE_NOT_STALLED_pct,       95.777
ICACHE_STAGE_NOT_STALLED_total_count,      11499715
ICACHE_STAGE_NOT_STALLED_total_pct,       94.599

ICACHE_STAGE_OFF_PATH_count,         88378
ICACHE_STAGE_OFF_PATH_pct,        1.438
ICACHE_STAGE_OFF_PATH_total_count,        306009
ICACHE_STAGE_OFF_PATH_total_pct,        2.517
ICACHE_STAGE_OFF_PATH_sum_count,       6147023
ICACHE_STAGE_OFF_PATH_sum_pct,      100.000
ICACHE_STAGE_OFF_PATH_sum_total_count,      12156283
ICACHE_STAGE_OFF_PATH_sum_total_pct,      100.000
ICACHE_STAGE_OFF_PATH_mean,         0.99
ICACHE_STAGE_OFF_PATH_stddev,         0.17
ICACHE_STAGE_OFF_PATH_total_mean,         1.00
ICACHE_STAGE_OFF_PATH_total_stddev,         0.22

DECODE_STAGE_STARVED_count,       6081740
DECODE_STAGE_STARVED_pct,       99.517
DECODE_STAGE_STARVED_total_count,      11938901
DECODE_STAGE_STARVED_total_pct,       99.481

DECODE_STAGE_NOT_STARVED_count,         29543
DECODE_STAGE_NOT_STARVED_pct,        0.483
DECODE_STAGE_NOT_STARVED_total_count,         62286
DECODE_STAGE_NOT_STARVED_total_pct,        0.519
DECODE_STAGE_NOT_STARVED_sum_count,       6111283
DECODE_STAGE_NOT_STARVED_sum_pct,      100.000
DECODE_STAGE_NOT_STARVED_sum_total_count,      12001187
DECODE_STAGE_NOT_STARVED_sum_total_pct,      100.000
DECODE_STAGE_NOT_STARVED_mean,         0.00
DECODE_STAGE_NOT_STARVED_stddev,         0.07
DECODE_STAGE_NOT_STARVED_total_mean,         0.01
DECODE_STAGE_NOT_STARVED_total_stddev,         0.07

DECODE_STAGE_STALLED_count,         19416
DECODE_STAGE_STALLED_pct,        0.316
DECODE_STAGE_STALLED_total_count,         31436
DECODE_STAGE_STALLED_total_pct,        0.259

DECODE_STAGE_NOT_STALLED_count,       6091867
DECODE_STAGE_NOT_STALLED_pct,       99.103
DECODE_STAGE_NOT_STALLED_total_count,      11969751
DECODE_STAGE_NOT_STALLED_total_pct,       98.466

DECODE_STAGE_OFF_PATH_count,         35740
DECODE_STAGE_OFF_PATH_pct,        0.581
DECODE_STAGE_OFF_PATH_total_count,        155096
DECODE_STAGE_OFF_PATH_total_pct,        1.276
DECODE_STAGE_OFF_PATH_sum_count,       6147023
DECODE_STAGE_OFF_PATH_sum_pct,      100.000
DECODE_STAGE_OFF_PATH_sum_total_count,      12156283
DECODE_STAGE_OFF_PATH_sum_total_pct,      100.000
DECODE_STAGE_OFF_PATH_mean,         1.00
DECODE_STAGE_OFF_PATH_stddev,         0.11
DECODE_STAGE_OFF_PATH_total_mean,         1.01
DECODE_STAGE_OFF_PATH_total_stddev,         0.16

UOPQ_STAGE_STARVED_count,        512068
UOPQ_STAGE_STARVED_pct,        8.667
UOPQ_STAGE_STARVED_total_count,       1130076
UOPQ_STAGE_STARVED_total_pct,        9.746

UOPQ_STAGE_NOT_STARVED_count,       5396209
UOPQ_STAGE_NOT_STARVED_pct,       91.333
UOPQ_STAGE_NOT_STARVED_total_count,      10465119
UOPQ_STAGE_NOT_STARVED_total_pct,       90.254
UOPQ_STAGE_NOT_STARVED_sum_count,       5908277
UOPQ_STAGE_NOT_STARVED_sum_pct,      100.000
UOPQ_STAGE_NOT_STARVED_sum_total_count,      11595195
UOPQ_STAGE_NOT_STARVED_sum_total_pct,      100.000
UOPQ_STAGE_NOT_STARVED_mean,         0.91
UOPQ_STAGE_NOT_STARVED_stddev,         0.88
UOPQ_STAGE_NOT_STARVED_total_mean,         0.90
UOPQ_STAGE_NOT_STARVED_total_stddev,         0.86

UOPQ_STAGE_STALLED_count,        167643
UOPQ_STAGE_STALLED_pct,        2.727
UOPQ_STAGE_STALLED_total_count,        345423
UOPQ_STAGE_STALLED_total_pct,        2.842

UOPQ_STAGE_NOT_STALLED_count,       5908277
UOPQ_STAGE_NOT_STALLED_pct,       96.116
UOPQ_STAGE_NOT_STALLED_total_count,      11595195
UOPQ_STAGE_NOT_STALLED_total_pct,       95.384

UOPQ_STAGE_OFF_PATH_count,         71103
UOPQ_STAGE_OFF_PATH_pct,        1.157
UOPQ_STAGE_OFF_PATH_total_count,        215665
UOPQ_STAGE_OFF_PATH_total_pct,        1.774
UOPQ_STAGE_OFF_PATH_sum_count,       6147023
UOPQ_STAGE_OFF_PATH_sum_pct,      100.000
UOPQ_STAGE_OFF_PATH_sum_total_count,      12156283
UOPQ_STAGE_OFF_PATH_sum_total_pct,      100.000
UOPQ_STAGE_OFF_PATH_mean,         0.98
UOPQ_STAGE_OFF_PATH_stddev,         0.15
UOPQ_STAGE_OFF_PATH_total_mean,         0.99
UOPQ_STAGE_OFF_PATH_total_stddev,         0.19

MAP_STAGE_STARVED_count,         71101
MAP_STAGE_STARVED_pct,        1.170
MAP_STAGE_STARVED_total_count,        192454
MAP_STAGE_STARVED_total_pct,        1.614

MAP_STAGE_NOT_STARVED_count,       6007591
MAP_STAGE_NOT_STARVED_pct,       98.830
MAP_STAGE_NOT_STARVED_total_count,      11728831
MAP_STAGE_NOT_STARVED_total_pct,       98.386
MAP_STAGE_NOT_STARVED_sum_count,       6078692
MAP_STAGE_NOT_STARVED_sum_pct,      100.000
MAP_STAGE_NOT_STARVED_sum_total_count,      11921285
MAP_STAGE_NOT_STARVED_sum_total_pct,      100.000
MAP_STAGE_NOT_STARVED_mean,         0.99
MAP_STAGE_NOT_STARVED_stddev,         0.98
MAP_STAGE_NOT_STARVED_total_mean,         0.98
MAP_STAGE_NOT_STARVED_total_stddev,         0.98

MAP_STAGE_STALLED_count,        181201
MAP_STAGE_STALLED_pct,        2.948
MAP_STAGE_STALLED_total_count,        373990
MAP_STAGE_STALLED_total_pct,        3.077

MAP_STAGE_NOT_STALLED_count,       5897491
MAP_STAGE_NOT_STALLED_pct,       95.941
MAP_STAGE_NOT_STALLED_total_count,      11547295
MAP_STAGE_NOT_STALLED_total_pct,       94.990

MAP_STAGE_OFF_PATH_count,         68331
MAP_STAGE_OFF_PATH_pct,        1.112
MAP_STAGE_OFF_PATH_total_count,        234998
MAP_STAGE_OFF_PATH_total_pct,        1.933
MAP_STAGE_OFF_PATH_sum_count,       6147023
MAP_STAGE_OFF_PATH_sum_pct,      100.000
MAP_STAGE_OFF_PATH_sum_total_count,      12156283
MAP_STAGE_OFF_PATH_sum_total_pct,      100.000
MAP_STAGE_OFF_PATH_mean,         0.98
MAP_STAGE_OFF_PATH_stddev,         0.15
MAP_STAGE_OFF_PATH_total_mean,         0.99
MAP_STAGE_OFF_PATH_total_stddev,         0.20

EXEC_STAGE_STARVED_count,       1523343
EXEC_STAGE_STARVED_pct,       24.782
EXEC_STAGE_STARVED_total_count,       3262479
EXEC_STAGE_STARVED_total_pct,       26.838

EXEC_STAGE_NOT_STARVED_count,       4586656
EXEC_STAGE_NOT_STARVED_pct,       74.616
EXEC_STAGE_NOT_STARVED_total_count,       8758313
EXEC_STAGE_NOT_STARVED_total_pct,       72.048

EXEC_STAGE_OFF_PATH_count,         37024
EXEC_STAGE_OFF_PATH_pct,        0.602
EXEC_STAGE_OFF_PATH_total_count,        135491
EXEC_STAGE_OFF_PATH_total_pct,        1.115
EXEC_STAGE_OFF_PATH_sum_count,       6147023
EXEC_STAGE_OFF_PATH_sum_pct,      100.000
EXEC_STAGE_OFF_PATH_sum_total_count,      12156283
EXEC_STAGE_OFF_PATH_sum_total_pct,      100.000
EXEC_STAGE_OFF_PATH_mean,         0.76
EXEC_STAGE_OFF_PATH_stddev,         0.24
EXEC_STAGE_OFF_PATH_total_mean,         0.74
EXEC_STAGE_OFF_PATH_total_stddev,         0.27

FU_BUSY_0_count,       5847591
FU_BUSY_0_total_count,      11431329

FU_BUSY_1_count,       5623605
FU_BUSY_1_total_count,      10956550

FU_BUSY_2_count,       1125533
FU_BUSY_2_total_count,       2341905

FU_BUSY_3_count,       1014933
FU_BUSY_3_total_count,       2107859

FU_BUSY_4_count,       5188027
FU_BUSY_4_total_count,      10041747

FU_BUSY_5_count,        846619
FU_BUSY_5_total_count,       1763657

FU_BUSY_6_count,       4669292
FU_BUSY_6_total_count,       8935683

FU_BUSY_7_count,       4690977
FU_BUSY_7_total_count,       8981340

FU_BUSY_8_count,             0
FU_BUSY_8_total_count,             0

FU_BUSY_9_count,             0
FU_BUSY_9_total_count,             0

FU_BUSY_10_count,             0
FU_BUSY_10_total_count,             0

FU_BUSY_11_count,             0
FU_BUSY_11_total_count,             0

FU_BUSY_12_count,             0
FU_BUSY_12_total_count,             0

FU_BUSY_13_count,             0
FU_BUSY_13_total_count,             0

FU_BUSY_14_count,             0
FU_BUSY_14_total_count,             0

FU_BUSY_15_count,             0
FU_BUSY_15_total_count,             0

FU_BUSY_16_count,             0
FU_BUSY_16_total_count,             0

FU_BUSY_17_count,             0
FU_BUSY_17_total_count,             0

FU_BUSY_18_count,             0
FU_BUSY_18_total_count,             0

FU_BUSY_19_count,             0
FU_BUSY_19_total_count,             0

FU_BUSY_20_count,             0
FU_BUSY_20_total_count,             0

FU_BUSY_21_count,             0
FU_BUSY_21_total_count,             0

FU_BUSY_22_count,             0
FU_BUSY_22_total_count,             0

FU_BUSY_23_count,             0
FU_BUSY_23_total_count,             0

FU_BUSY_24_count,             0
FU_BUSY_24_total_count,             0

FU_BUSY_25_count,             0
FU_BUSY_25_total_count,             0

FU_BUSY_26_count,             0
FU_BUSY_26_total_count,             0

FU_BUSY_27_count,             0
FU_BUSY_27_total_count,             0

FU_BUSY_28_count,             0
FU_BUSY_28_total_count,             0

FU_BUSY_29_count,             0
FU_BUSY_29_total_count,             0

FU_BUSY_30_count,             0
FU_BUSY_30_total_count,             0

FU_BUSY_31_count,             0
FU_BUSY_31_total_count,             0

FU_REJECTED_OP_INV_NOT_SIMD_count,             0
FU_REJECTED_OP_INV_NOT_SIMD_pct,        0.000
FU_REJECTED_OP_INV_NOT_SIMD_total_count,             0
FU_REJECTED_OP_INV_NOT_SIMD_total_pct,        0.000

FU_REJECTED_OP_NOP_NOT_SIMD_count,            35
FU_REJECTED_OP_NOP_NOT_SIMD_pct,        0.001
FU_REJECTED_OP_NOP_NOT_SIMD_total_count,           132
FU_REJECTED_OP_NOP_NOT_SIMD_total_pct,        0.002

FU_REJECTED_OP_CF_NOT_SIMD_count,           191
FU_REJECTED_OP_CF_NOT_SIMD_pct,        0.004
FU_REJECTED_OP_CF_NOT_SIMD_total_count,           403
FU_REJECTED_OP_CF_NOT_SIMD_total_pct,        0.005

FU_REJECTED_OP_MOV_NOT_SIMD_count,           117
FU_REJECTED_OP_MOV_NOT_SIMD_pct,        0.003
FU_REJECTED_OP_MOV_NOT_SIMD_total_count,           268
FU_REJECTED_OP_MOV_NOT_SIMD_total_pct,        0.003

FU_REJECTED_OP_CMOV_NOT_SIMD_count,             2
FU_REJECTED_OP_CMOV_NOT_SIMD_pct,        0.000
FU_REJECTED_OP_CMOV_NOT_SIMD_total_count,             5
FU_REJECTED_OP_CMOV_NOT_SIMD_total_pct,        0.000

FU_REJECTED_OP_LDA_NOT_SIMD_count,            92
FU_REJECTED_OP_LDA_NOT_SIMD_pct,        0.002
FU_REJECTED_OP_LDA_NOT_SIMD_total_count,           188
FU_REJECTED_OP_LDA_NOT_SIMD_total_pct,        0.002

FU_REJECTED_OP_IMEM_NOT_SIMD_count,          5660
FU_REJECTED_OP_IMEM_NOT_SIMD_pct,        0.124
FU_REJECTED_OP_IMEM_NOT_SIMD_total_count,          7934
FU_REJECTED_OP_IMEM_NOT_SIMD_total_pct,        0.092

FU_REJECTED_OP_IADD_NOT_SIMD_count,       4505953
FU_REJECTED_OP_IADD_NOT_SIMD_pct,       98.920
FU_REJECTED_OP_IADD_NOT_SIMD_total_count,       8586631
FU_REJECTED_OP_IADD_NOT_SIMD_total_pct,       99.090

FU_REJECTED_OP_IMUL_NOT_SIMD_count,           286
FU_REJECTED_OP_IMUL_NOT_SIMD_pct,        0.006
FU_REJECTED_OP_IMUL_NOT_SIMD_total_count,           661
FU_REJECTED_OP_IMUL_NOT_SIMD_total_pct,        0.008

FU_REJECTED_OP_IDIV_NOT_SIMD_count,             4
FU_REJECTED_OP_IDIV_NOT_SIMD_pct,        0.000
FU_REJECTED_OP_IDIV_NOT_SIMD_total_count,            23
FU_REJECTED_OP_IDIV_NOT_SIMD_total_pct,        0.000

FU_REJECTED_OP_ICMP_NOT_SIMD_count,             0
FU_REJECTED_OP_ICMP_NOT_SIMD_pct,        0.000
FU_REJECTED_OP_ICMP_NOT_SIMD_total_count,             0
FU_REJECTED_OP_ICMP_NOT_SIMD_total_pct,        0.000

FU_REJECTED_OP_LOGIC_NOT_SIMD_count,            56
FU_REJECTED_OP_LOGIC_NOT_SIMD_pct,        0.001
FU_REJECTED_OP_LOGIC_NOT_SIMD_total_count,           159
FU_REJECTED_OP_LOGIC_NOT_SIMD_total_pct,        0.002

FU_REJECTED_OP_SHIFT_NOT_SIMD_count,            78
FU_REJECTED_OP_SHIFT_NOT_SIMD_pct,        0.002
FU_REJECTED_OP_SHIFT_NOT_SIMD_total_count,           188
FU_REJECTED_OP_SHIFT_NOT_SIMD_total_pct,        0.002

FU_REJECTED_OP_FMEM_NOT_SIMD_count,            25
FU_REJECTED_OP_FMEM_NOT_SIMD_pct,        0.001
FU_REJECTED_OP_FMEM_NOT_SIMD_total_count,            67
FU_REJECTED_OP_FMEM_NOT_SIMD_total_pct,        0.001

FU_REJECTED_OP_FCVT_NOT_SIMD_count,             0
FU_REJECTED_OP_FCVT_NOT_SIMD_pct,        0.000
FU_REJECTED_OP_FCVT_NOT_SIMD_total_count,             0
FU_REJECTED_OP_FCVT_NOT_SIMD_total_pct,        0.000

FU_REJECTED_OP_FADD_NOT_SIMD_count,             0
FU_REJECTED_OP_FADD_NOT_SIMD_pct,        0.000
FU_REJECTED_OP_FADD_NOT_SIMD_total_count,             0
FU_REJECTED_OP_FADD_NOT_SIMD_total_pct,        0.000

FU_REJECTED_OP_FMUL_NOT_SIMD_count,             0
FU_REJECTED_OP_FMUL_NOT_SIMD_pct,        0.000
FU_REJECTED_OP_FMUL_NOT_SIMD_total_count,             0
FU_REJECTED_OP_FMUL_NOT_SIMD_total_pct,        0.000

FU_REJECTED_OP_FMA_NOT_SIMD_count,             0
FU_REJECTED_OP_FMA_NOT_SIMD_pct,        0.000
FU_REJECTED_OP_FMA_NOT_SIMD_total_count,             0
FU_REJECTED_OP_FMA_NOT_SIMD_total_pct,        0.000

FU_REJECTED_OP_FDIV_NOT_SIMD_count,             0
FU_REJECTED_OP_FDIV_NOT_SIMD_pct,        0.000
FU_REJECTED_OP_FDIV_NOT_SIMD_total_count,             0
FU_REJECTED_OP_FDIV_NOT_SIMD_total_pct,        0.000

FU_REJECTED_OP_FCMP_NOT_SIMD_count,             0
FU_REJECTED_OP_FCMP_NOT_SIMD_pct,        0.000
FU_REJECTED_OP_FCMP_NOT_SIMD_total_count,             0
FU_REJECTED_OP_FCMP_NOT_SIMD_total_pct,        0.000

FU_REJECTED_OP_FCMOV_NOT_SIMD_count,             0
FU_REJECTED_OP_FCMOV_NOT_SIMD_pct,        0.000
FU_REJECTED_OP_FCMOV_NOT_SIMD_total_count,             0
FU_REJECTED_OP_FCMOV_NOT_SIMD_total_pct,        0.000

FU_REJECTED_OP_GATHER_NOT_SIMD_count,             0
FU_REJECTED_OP_GATHER_NOT_SIMD_pct,        0.000
FU_REJECTED_OP_GATHER_NOT_SIMD_total_count,             0
FU_REJECTED_OP_GATHER_NOT_SIMD_total_pct,        0.000

FU_REJECTED_OP_SCATTER_NOT_SIMD_count,             0
FU_REJECTED_OP_SCATTER_NOT_SIMD_pct,        0.000
FU_REJECTED_OP_SCATTER_NOT_SIMD_total_count,             0
FU_REJECTED_OP_SCATTER_NOT_SIMD_total_pct,        0.000

FU_REJECTED_OP_PIPELINED_FAST_NOT_SIMD_count,             0
FU_REJECTED_OP_PIPELINED_FAST_NOT_SIMD_pct,        0.000
FU_REJECTED_OP_PIPELINED_FAST_NOT_SIMD_total_count,             0
FU_REJECTED_OP_PIPELINED_FAST_NOT_SIMD_total_pct,        0.000

FU_REJECTED_OP_PIPELINED_MEDIUM_NOT_SIMD_count,             0
FU_REJECTED_OP_PIPELINED_MEDIUM_NOT_SIMD_pct,        0.000
FU_REJECTED_OP_PIPELINED_MEDIUM_NOT_SIMD_total_count,             0
FU_REJECTED_OP_PIPELINED_MEDIUM_NOT_SIMD_total_pct,        0.000

FU_REJECTED_OP_PIPELINED_SLOW_NOT_SIMD_count,             0
FU_REJECTED_OP_PIPELINED_SLOW_NOT_SIMD_pct,        0.000
FU_REJECTED_OP_PIPELINED_SLOW_NOT_SIMD_total_count,             0
FU_REJECTED_OP_PIPELINED_SLOW_NOT_SIMD_total_pct,        0.000

FU_REJECTED_OP_NOTPIPELINED_MEDIUM_NOT_SIMD_count,             0
FU_REJECTED_OP_NOTPIPELINED_MEDIUM_NOT_SIMD_pct,        0.000
FU_REJECTED_OP_NOTPIPELINED_MEDIUM_NOT_SIMD_total_count,             0
FU_REJECTED_OP_NOTPIPELINED_MEDIUM_NOT_SIMD_total_pct,        0.000

FU_REJECTED_OP_NOTPIPELINED_SLOW_NOT_SIMD_count,             0
FU_REJECTED_OP_NOTPIPELINED_SLOW_NOT_SIMD_pct,        0.000
FU_REJECTED_OP_NOTPIPELINED_SLOW_NOT_SIMD_total_count,             0
FU_REJECTED_OP_NOTPIPELINED_SLOW_NOT_SIMD_total_pct,        0.000

FU_REJECTED_OP_NOTPIPELINED_VERY_SLOW_NOT_SIMD_count,            19
FU_REJECTED_OP_NOTPIPELINED_VERY_SLOW_NOT_SIMD_pct,        0.000
FU_REJECTED_OP_NOTPIPELINED_VERY_SLOW_NOT_SIMD_total_count,            21
FU_REJECTED_OP_NOTPIPELINED_VERY_SLOW_NOT_SIMD_total_pct,        0.000

FU_REJECTED_OP_INV_SIMD_count,             0
FU_REJECTED_OP_INV_SIMD_pct,        0.000
FU_REJECTED_OP_INV_SIMD_total_count,             0
FU_REJECTED_OP_INV_SIMD_total_pct,        0.000

FU_REJECTED_OP_NOP_SIMD_count,             0
FU_REJECTED_OP_NOP_SIMD_pct,        0.000
FU_REJECTED_OP_NOP_SIMD_total_count,             0
FU_REJECTED_OP_NOP_SIMD_total_pct,        0.000

FU_REJECTED_OP_CF_SIMD_count,             0
FU_REJECTED_OP_CF_SIMD_pct,        0.000
FU_REJECTED_OP_CF_SIMD_total_count,             0
FU_REJECTED_OP_CF_SIMD_total_pct,        0.000

FU_REJECTED_OP_MOV_SIMD_count,             3
FU_REJECTED_OP_MOV_SIMD_pct,        0.000
FU_REJECTED_OP_MOV_SIMD_total_count,            11
FU_REJECTED_OP_MOV_SIMD_total_pct,        0.000

FU_REJECTED_OP_CMOV_SIMD_count,             0
FU_REJECTED_OP_CMOV_SIMD_pct,        0.000
FU_REJECTED_OP_CMOV_SIMD_total_count,             0
FU_REJECTED_OP_CMOV_SIMD_total_pct,        0.000

FU_REJECTED_OP_LDA_SIMD_count,             0
FU_REJECTED_OP_LDA_SIMD_pct,        0.000
FU_REJECTED_OP_LDA_SIMD_total_count,             0
FU_REJECTED_OP_LDA_SIMD_total_pct,        0.000

FU_REJECTED_OP_IMEM_SIMD_count,             0
FU_REJECTED_OP_IMEM_SIMD_pct,        0.000
FU_REJECTED_OP_IMEM_SIMD_total_count,             0
FU_REJECTED_OP_IMEM_SIMD_total_pct,        0.000

FU_REJECTED_OP_IADD_SIMD_count,             0
FU_REJECTED_OP_IADD_SIMD_pct,        0.000
FU_REJECTED_OP_IADD_SIMD_total_count,             0
FU_REJECTED_OP_IADD_SIMD_total_pct,        0.000

FU_REJECTED_OP_IMUL_SIMD_count,             0
FU_REJECTED_OP_IMUL_SIMD_pct,        0.000
FU_REJECTED_OP_IMUL_SIMD_total_count,             0
FU_REJECTED_OP_IMUL_SIMD_total_pct,        0.000

FU_REJECTED_OP_IDIV_SIMD_count,             0
FU_REJECTED_OP_IDIV_SIMD_pct,        0.000
FU_REJECTED_OP_IDIV_SIMD_total_count,             0
FU_REJECTED_OP_IDIV_SIMD_total_pct,        0.000

FU_REJECTED_OP_ICMP_SIMD_count,             0
FU_REJECTED_OP_ICMP_SIMD_pct,        0.000
FU_REJECTED_OP_ICMP_SIMD_total_count,             0
FU_REJECTED_OP_ICMP_SIMD_total_pct,        0.000

FU_REJECTED_OP_LOGIC_SIMD_count,             0
FU_REJECTED_OP_LOGIC_SIMD_pct,        0.000
FU_REJECTED_OP_LOGIC_SIMD_total_count,             0
FU_REJECTED_OP_LOGIC_SIMD_total_pct,        0.000

FU_REJECTED_OP_SHIFT_SIMD_count,            33
FU_REJECTED_OP_SHIFT_SIMD_pct,        0.001
FU_REJECTED_OP_SHIFT_SIMD_total_count,            56
FU_REJECTED_OP_SHIFT_SIMD_total_pct,        0.001

FU_REJECTED_OP_FMEM_SIMD_count,             0
FU_REJECTED_OP_FMEM_SIMD_pct,        0.000
FU_REJECTED_OP_FMEM_SIMD_total_count,             0
FU_REJECTED_OP_FMEM_SIMD_total_pct,        0.000

FU_REJECTED_OP_FCVT_SIMD_count,         18517
FU_REJECTED_OP_FCVT_SIMD_pct,        0.407
FU_REJECTED_OP_FCVT_SIMD_total_count,         28478
FU_REJECTED_OP_FCVT_SIMD_total_pct,        0.329

FU_REJECTED_OP_FADD_SIMD_count,         22901
FU_REJECTED_OP_FADD_SIMD_pct,        0.503
FU_REJECTED_OP_FADD_SIMD_total_count,         37827
FU_REJECTED_OP_FADD_SIMD_total_pct,        0.437

FU_REJECTED_OP_FMUL_SIMD_count,             0
FU_REJECTED_OP_FMUL_SIMD_pct,        0.000
FU_REJECTED_OP_FMUL_SIMD_total_count,             0
FU_REJECTED_OP_FMUL_SIMD_total_pct,        0.000

FU_REJECTED_OP_FMA_SIMD_count,            25
FU_REJECTED_OP_FMA_SIMD_pct,        0.001
FU_REJECTED_OP_FMA_SIMD_total_count,            25
FU_REJECTED_OP_FMA_SIMD_total_pct,        0.000

FU_REJECTED_OP_FDIV_SIMD_count,            23
FU_REJECTED_OP_FDIV_SIMD_pct,        0.001
FU_REJECTED_OP_FDIV_SIMD_total_count,            55
FU_REJECTED_OP_FDIV_SIMD_total_pct,        0.001

FU_REJECTED_OP_FCMP_SIMD_count,            82
FU_REJECTED_OP_FCMP_SIMD_pct,        0.002
FU_REJECTED_OP_FCMP_SIMD_total_count,           160
FU_REJECTED_OP_FCMP_SIMD_total_pct,        0.002

FU_REJECTED_OP_FCMOV_SIMD_count,          1045
FU_REJECTED_OP_FCMOV_SIMD_pct,        0.023
FU_REJECTED_OP_FCMOV_SIMD_total_count,          2185
FU_REJECTED_OP_FCMOV_SIMD_total_pct,        0.025

FU_REJECTED_OP_GATHER_SIMD_count,             0
FU_REJECTED_OP_GATHER_SIMD_pct,        0.000
FU_REJECTED_OP_GATHER_SIMD_total_count,             0
FU_REJECTED_OP_GATHER_SIMD_total_pct,        0.000

FU_REJECTED_OP_SCATTER_SIMD_count,             0
FU_REJECTED_OP_SCATTER_SIMD_pct,        0.000
FU_REJECTED_OP_SCATTER_SIMD_total_count,             0
FU_REJECTED_OP_SCATTER_SIMD_total_pct,        0.000

FU_REJECTED_OP_PIPELINED_FAST_SIMD_count,             0
FU_REJECTED_OP_PIPELINED_FAST_SIMD_pct,        0.000
FU_REJECTED_OP_PIPELINED_FAST_SIMD_total_count,             0
FU_REJECTED_OP_PIPELINED_FAST_SIMD_total_pct,        0.000

FU_REJECTED_OP_PIPELINED_MEDIUM_SIMD_count,             0
FU_REJECTED_OP_PIPELINED_MEDIUM_SIMD_pct,        0.000
FU_REJECTED_OP_PIPELINED_MEDIUM_SIMD_total_count,             0
FU_REJECTED_OP_PIPELINED_MEDIUM_SIMD_total_pct,        0.000

FU_REJECTED_OP_PIPELINED_SLOW_SIMD_count,             1
FU_REJECTED_OP_PIPELINED_SLOW_SIMD_pct,        0.000
FU_REJECTED_OP_PIPELINED_SLOW_SIMD_total_count,             1
FU_REJECTED_OP_PIPELINED_SLOW_SIMD_total_pct,        0.000

FU_REJECTED_OP_NOTPIPELINED_MEDIUM_SIMD_count,             0
FU_REJECTED_OP_NOTPIPELINED_MEDIUM_SIMD_pct,        0.000
FU_REJECTED_OP_NOTPIPELINED_MEDIUM_SIMD_total_count,             0
FU_REJECTED_OP_NOTPIPELINED_MEDIUM_SIMD_total_pct,        0.000

FU_REJECTED_OP_NOTPIPELINED_SLOW_SIMD_count,             0
FU_REJECTED_OP_NOTPIPELINED_SLOW_SIMD_pct,        0.000
FU_REJECTED_OP_NOTPIPELINED_SLOW_SIMD_total_count,             0
FU_REJECTED_OP_NOTPIPELINED_SLOW_SIMD_total_pct,        0.000

FU_REJECTED_OP_NOTPIPELINED_VERY_SLOW_SIMD_count,             0
FU_REJECTED_OP_NOTPIPELINED_VERY_SLOW_SIMD_pct,        0.000
FU_REJECTED_OP_NOTPIPELINED_VERY_SLOW_SIMD_total_count,             0
FU_REJECTED_OP_NOTPIPELINED_VERY_SLOW_SIMD_total_pct,        0.000
FU_REJECTED_OP_NOTPIPELINED_VERY_SLOW_SIMD_sum_count,       4555148
FU_REJECTED_OP_NOTPIPELINED_VERY_SLOW_SIMD_sum_pct,      100.000
FU_REJECTED_OP_NOTPIPELINED_VERY_SLOW_SIMD_sum_total_count,       8665478
FU_REJECTED_OP_NOTPIPELINED_VERY_SLOW_SIMD_sum_total_pct,      100.000
FU_REJECTED_OP_NOTPIPELINED_VERY_SLOW_SIMD_mean,         7.34
FU_REJECTED_OP_NOTPIPELINED_VERY_SLOW_SIMD_stddev,         3.54
FU_REJECTED_OP_NOTPIPELINED_VERY_SLOW_SIMD_total_mean,         7.29
FU_REJECTED_OP_NOTPIPELINED_VERY_SLOW_SIMD_total_stddev,         3.26

OP_WAIT_0_count,      12986838
OP_WAIT_0_total_count,      25487409

OP_WAIT_1_count,       2175653
OP_WAIT_1_total_count,       4444544

OP_WAIT_2_count,        521599
OP_WAIT_2_total_count,       1079271

OP_WAIT_3_count,        231083
OP_WAIT_3_total_count,        474976

OP_WAIT_4_count,        133592
OP_WAIT_4_total_count,        272276

OP_WAIT_5_count,         79054
OP_WAIT_5_total_count,        159564

OP_WAIT_6_count,         57222
OP_WAIT_6_total_count,        115266

OP_WAIT_7_count,         40187
OP_WAIT_7_total_count,         79513

OP_WAIT_8_count,         29083
OP_WAIT_8_total_count,         56998

OP_WAIT_9_count,         21842
OP_WAIT_9_total_count,         42488

OP_WAIT_10_count,         19093
OP_WAIT_10_total_count,         36791

OP_WAIT_11_count,         18859
OP_WAIT_11_total_count,         35934

OP_WAIT_12_count,         18042
OP_WAIT_12_total_count,         34184

OP_WAIT_13_count,         17971
OP_WAIT_13_total_count,         34183

OP_WAIT_14_count,         18105
OP_WAIT_14_total_count,         34201

OP_WAIT_15_count,         17857
OP_WAIT_15_total_count,         33672

OP_WAIT_16_count,         17904
OP_WAIT_16_total_count,         33778

OP_WAIT_17_count,       2815159
OP_WAIT_17_total_count,       5355068

OP_WAIT_18_count,        943151
OP_WAIT_18_total_count,       1792021

OP_WAIT_19_count,          9458
OP_WAIT_19_total_count,         19246

OP_WAIT_20_count,          8935
OP_WAIT_20_total_count,         17114

OP_WAIT_21_count,          8774
OP_WAIT_21_total_count,         16741

OP_WAIT_22_count,          8796
OP_WAIT_22_total_count,         16814

OP_WAIT_23_count,          9003
OP_WAIT_23_total_count,         17028

OP_WAIT_24_count,          8730
OP_WAIT_24_total_count,         16567

OP_WAIT_25_count,          8899
OP_WAIT_25_total_count,         16881

OP_WAIT_26_count,          8809
OP_WAIT_26_total_count,         16762

OP_WAIT_27_count,          8995
OP_WAIT_27_total_count,         16897

OP_WAIT_28_count,          9245
OP_WAIT_28_total_count,         17505

OP_WAIT_29_count,          9020
OP_WAIT_29_total_count,         17244

OP_WAIT_30_count,          8930
OP_WAIT_30_total_count,         16963

OP_WAIT_31_count,       4099215
OP_WAIT_31_total_count,       7810989

ROW_SIZE_0_count,        597521
ROW_SIZE_0_total_count,       1301544

ROW_SIZE_1_count,         38772
ROW_SIZE_1_total_count,         88819

ROW_SIZE_2_count,         40889
ROW_SIZE_2_total_count,         88472

ROW_SIZE_3_count,         10127
ROW_SIZE_3_total_count,         22682

ROW_SIZE_4_count,       4147095
ROW_SIZE_4_total_count,       7912095

ROW_SIZE_5_count,          5550
ROW_SIZE_5_total_count,         12171

ROW_SIZE_6_count,       1267007
ROW_SIZE_6_total_count,       2595974

ROW_SIZE_7_count,             0
ROW_SIZE_7_total_count,             0

ROW_SIZE_8_count,             0
ROW_SIZE_8_total_count,             0

ROW_SIZE_9_count,             0
ROW_SIZE_9_total_count,             0

ROW_SIZE_10_count,             0
ROW_SIZE_10_total_count,             0

ROW_SIZE_11_count,             0
ROW_SIZE_11_total_count,             0

ROW_SIZE_12_count,             0
ROW_SIZE_12_total_count,             0

ROW_SIZE_13_count,             0
ROW_SIZE_13_total_count,             0

ROW_SIZE_14_count,             0
ROW_SIZE_14_total_count,             0

ROW_SIZE_15_count,             0
ROW_SIZE_15_total_count,             0

ROW_SIZE_16_count,             0
ROW_SIZE_16_total_count,             0

ROW_SIZE_17_count,             0
ROW_SIZE_17_total_count,             0

ROW_SIZE_18_count,             0
ROW_SIZE_18_total_count,             0

ROW_SIZE_19_count,             0
ROW_SIZE_19_total_count,             0

ROW_SIZE_20_count,             0
ROW_SIZE_20_total_count,             0

ROW_SIZE_21_count,             0
ROW_SIZE_21_total_count,             0

ROW_SIZE_22_count,             0
ROW_SIZE_22_total_count,             0

ROW_SIZE_23_count,             0
ROW_SIZE_23_total_count,             0

ROW_SIZE_24_count,             0
ROW_SIZE_24_total_count,             0

ROW_SIZE_25_count,             0
ROW_SIZE_25_total_count,             0

ROW_SIZE_26_count,             0
ROW_SIZE_26_total_count,             0

ROW_SIZE_27_count,             0
ROW_SIZE_27_total_count,             0

ROW_SIZE_28_count,             0
ROW_SIZE_28_total_count,             0

ROW_SIZE_29_count,             0
ROW_SIZE_29_total_count,             0

ROW_SIZE_30_count,             0
ROW_SIZE_30_total_count,             0

ROW_SIZE_31_count,             0
ROW_SIZE_31_total_count,             0

RET_OP_EXEC_COUNT_0_count,             0
RET_OP_EXEC_COUNT_0_pct,        0.000
RET_OP_EXEC_COUNT_0_total_count,             0
RET_OP_EXEC_COUNT_0_total_pct,        0.000

RET_OP_EXEC_COUNT_1_count,      24369103
RET_OP_EXEC_COUNT_1_pct,      100.000
RET_OP_EXEC_COUNT_1_total_count,      47618888
RET_OP_EXEC_COUNT_1_total_pct,      100.000

RET_OP_EXEC_COUNT_2_count,             0
RET_OP_EXEC_COUNT_2_pct,        0.000
RET_OP_EXEC_COUNT_2_total_count,             0
RET_OP_EXEC_COUNT_2_total_pct,        0.000

RET_OP_EXEC_COUNT_3_count,             0
RET_OP_EXEC_COUNT_3_pct,        0.000
RET_OP_EXEC_COUNT_3_total_count,             0
RET_OP_EXEC_COUNT_3_total_pct,        0.000

RET_OP_EXEC_COUNT_4_count,             0
RET_OP_EXEC_COUNT_4_pct,        0.000
RET_OP_EXEC_COUNT_4_total_count,             0
RET_OP_EXEC_COUNT_4_total_pct,        0.000

RET_OP_EXEC_COUNT_5_count,             0
RET_OP_EXEC_COUNT_5_pct,        0.000
RET_OP_EXEC_COUNT_5_total_count,             0
RET_OP_EXEC_COUNT_5_total_pct,        0.000

RET_OP_EXEC_COUNT_6_count,             0
RET_OP_EXEC_COUNT_6_pct,        0.000
RET_OP_EXEC_COUNT_6_total_count,             0
RET_OP_EXEC_COUNT_6_total_pct,        0.000

RET_OP_EXEC_COUNT_7_count,             0
RET_OP_EXEC_COUNT_7_pct,        0.000
RET_OP_EXEC_COUNT_7_total_count,             0
RET_OP_EXEC_COUNT_7_total_pct,        0.000

RET_OP_EXEC_COUNT_8_count,             0
RET_OP_EXEC_COUNT_8_pct,        0.000
RET_OP_EXEC_COUNT_8_total_count,             0
RET_OP_EXEC_COUNT_8_total_pct,        0.000

RET_OP_EXEC_COUNT_9_count,             0
RET_OP_EXEC_COUNT_9_pct,        0.000
RET_OP_EXEC_COUNT_9_total_count,             0
RET_OP_EXEC_COUNT_9_total_pct,        0.000

RET_OP_EXEC_COUNT_10_count,             0
RET_OP_EXEC_COUNT_10_pct,        0.000
RET_OP_EXEC_COUNT_10_total_count,             0
RET_OP_EXEC_COUNT_10_total_pct,        0.000

RET_OP_EXEC_COUNT_11_count,             0
RET_OP_EXEC_COUNT_11_pct,        0.000
RET_OP_EXEC_COUNT_11_total_count,             0
RET_OP_EXEC_COUNT_11_total_pct,        0.000

RET_OP_EXEC_COUNT_12_count,             0
RET_OP_EXEC_COUNT_12_pct,        0.000
RET_OP_EXEC_COUNT_12_total_count,             0
RET_OP_EXEC_COUNT_12_total_pct,        0.000

RET_OP_EXEC_COUNT_13_count,             0
RET_OP_EXEC_COUNT_13_pct,        0.000
RET_OP_EXEC_COUNT_13_total_count,             0
RET_OP_EXEC_COUNT_13_total_pct,        0.000

RET_OP_EXEC_COUNT_14_count,             0
RET_OP_EXEC_COUNT_14_pct,        0.000
RET_OP_EXEC_COUNT_14_total_count,             0
RET_OP_EXEC_COUNT_14_total_pct,        0.000

RET_OP_EXEC_COUNT_15_count,             0
RET_OP_EXEC_COUNT_15_pct,        0.000
RET_OP_EXEC_COUNT_15_total_count,             0
RET_OP_EXEC_COUNT_15_total_pct,        0.000

RET_OP_EXEC_COUNT_16_count,             0
RET_OP_EXEC_COUNT_16_pct,        0.000
RET_OP_EXEC_COUNT_16_total_count,             0
RET_OP_EXEC_COUNT_16_total_pct,        0.000

RET_OP_EXEC_COUNT_17_count,             0
RET_OP_EXEC_COUNT_17_pct,        0.000
RET_OP_EXEC_COUNT_17_total_count,             0
RET_OP_EXEC_COUNT_17_total_pct,        0.000

RET_OP_EXEC_COUNT_18_count,             0
RET_OP_EXEC_COUNT_18_pct,        0.000
RET_OP_EXEC_COUNT_18_total_count,             0
RET_OP_EXEC_COUNT_18_total_pct,        0.000

RET_OP_EXEC_COUNT_19_count,             0
RET_OP_EXEC_COUNT_19_pct,        0.000
RET_OP_EXEC_COUNT_19_total_count,             0
RET_OP_EXEC_COUNT_19_total_pct,        0.000

RET_OP_EXEC_COUNT_20_count,             0
RET_OP_EXEC_COUNT_20_pct,        0.000
RET_OP_EXEC_COUNT_20_total_count,             0
RET_OP_EXEC_COUNT_20_total_pct,        0.000

RET_OP_EXEC_COUNT_21_count,             0
RET_OP_EXEC_COUNT_21_pct,        0.000
RET_OP_EXEC_COUNT_21_total_count,             0
RET_OP_EXEC_COUNT_21_total_pct,        0.000

RET_OP_EXEC_COUNT_22_count,             0
RET_OP_EXEC_COUNT_22_pct,        0.000
RET_OP_EXEC_COUNT_22_total_count,             0
RET_OP_EXEC_COUNT_22_total_pct,        0.000

RET_OP_EXEC_COUNT_23_count,             0
RET_OP_EXEC_COUNT_23_pct,        0.000
RET_OP_EXEC_COUNT_23_total_count,             0
RET_OP_EXEC_COUNT_23_total_pct,        0.000

RET_OP_EXEC_COUNT_24_count,             0
RET_OP_EXEC_COUNT_24_pct,        0.000
RET_OP_EXEC_COUNT_24_total_count,             0
RET_OP_EXEC_COUNT_24_total_pct,        0.000

RET_OP_EXEC_COUNT_25_count,             0
RET_OP_EXEC_COUNT_25_pct,        0.000
RET_OP_EXEC_COUNT_25_total_count,             0
RET_OP_EXEC_COUNT_25_total_pct,        0.000

RET_OP_EXEC_COUNT_26_count,             0
RET_OP_EXEC_COUNT_26_pct,        0.000
RET_OP_EXEC_COUNT_26_total_count,             0
RET_OP_EXEC_COUNT_26_total_pct,        0.000

RET_OP_EXEC_COUNT_27_count,             0
RET_OP_EXEC_COUNT_27_pct,        0.000
RET_OP_EXEC_COUNT_27_total_count,             0
RET_OP_EXEC_COUNT_27_total_pct,        0.000

RET_OP_EXEC_COUNT_28_count,             0
RET_OP_EXEC_COUNT_28_pct,        0.000
RET_OP_EXEC_COUNT_28_total_count,             0
RET_OP_EXEC_COUNT_28_total_pct,        0.000

RET_OP_EXEC_COUNT_29_count,             0
RET_OP_EXEC_COUNT_29_pct,        0.000
RET_OP_EXEC_COUNT_29_total_count,             0
RET_OP_EXEC_COUNT_29_total_pct,        0.000

RET_OP_EXEC_COUNT_30_count,             0
RET_OP_EXEC_COUNT_30_pct,        0.000
RET_OP_EXEC_COUNT_30_total_count,             0
RET_OP_EXEC_COUNT_30_total_pct,        0.000

RET_OP_EXEC_COUNT_31_count,             0
RET_OP_EXEC_COUNT_31_pct,        0.000
RET_OP_EXEC_COUNT_31_total_count,             0
RET_OP_EXEC_COUNT_31_total_pct,        0.000

RET_OP_EXEC_COUNT_32_count,             0
RET_OP_EXEC_COUNT_32_pct,        0.000
RET_OP_EXEC_COUNT_32_total_count,             0
RET_OP_EXEC_COUNT_32_total_pct,        0.000
RET_OP_EXEC_COUNT_32_sum_count,      24369103
RET_OP_EXEC_COUNT_32_sum_pct,      100.000
RET_OP_EXEC_COUNT_32_sum_total_count,      47618888
RET_OP_EXEC_COUNT_32_sum_total_pct,      100.000
RET_OP_EXEC_COUNT_32_mean,         1.00
RET_OP_EXEC_COUNT_32_stddev,         0.00
RET_OP_EXEC_COUNT_32_total_mean,         1.00
RET_OP_EXEC_COUNT_32_total_stddev,         0.00

RET_STALL_LENGTH_0_count,      24368547
RET_STALL_LENGTH_0_pct,       99.998
RET_STALL_LENGTH_0_total_count,      47617266
RET_STALL_LENGTH_0_total_pct,       99.997

RET_STALL_LENGTH_100_count,           430
RET_STALL_LENGTH_100_pct,        0.002
RET_STALL_LENGTH_100_total_count,          1312
RET_STALL_LENGTH_100_total_pct,        0.003

RET_STALL_LENGTH_200_count,            42
RET_STALL_LENGTH_200_pct,        0.000
RET_STALL_LENGTH_200_total_count,           123
RET_STALL_LENGTH_200_total_pct,        0.000

RET_STALL_LENGTH_300_count,            19
RET_STALL_LENGTH_300_pct,        0.000
RET_STALL_LENGTH_300_total_count,            48
RET_STALL_LENGTH_300_total_pct,        0.000

RET_STALL_LENGTH_400_count,            23
RET_STALL_LENGTH_400_pct,        0.000
RET_STALL_LENGTH_400_total_count,            53
RET_STALL_LENGTH_400_total_pct,        0.000

RET_STALL_LENGTH_500_count,            12
RET_STALL_LENGTH_500_pct,        0.000
RET_STALL_LENGTH_500_total_count,            28
RET_STALL_LENGTH_500_total_pct,        0.000

RET_STALL_LENGTH_600_count,            11
RET_STALL_LENGTH_600_pct,        0.000
RET_STALL_LENGTH_600_total_count,            15
RET_STALL_LENGTH_600_total_pct,        0.000

RET_STALL_LENGTH_700_count,             5
RET_STALL_LENGTH_700_pct,        0.000
RET_STALL_LENGTH_700_total_count,             9
RET_STALL_LENGTH_700_total_pct,        0.000

RET_STALL_LENGTH_800_count,             2
RET_STALL_LENGTH_800_pct,        0.000
RET_STALL_LENGTH_800_total_count,             5
RET_STALL_LENGTH_800_total_pct,        0.000

RET_STALL_LENGTH_900_count,             2
RET_STALL_LENGTH_900_pct,        0.000
RET_STALL_LENGTH_900_total_count,             2
RET_STALL_LENGTH_900_total_pct,        0.000

RET_STALL_LENGTH_1000_count,             1
RET_STALL_LENGTH_1000_pct,        0.000
RET_STALL_LENGTH_1000_total_count,             2
RET_STALL_LENGTH_1000_total_pct,        0.000

RET_STALL_LENGTH_1100_count,             3
RET_STALL_LENGTH_1100_pct,        0.000
RET_STALL_LENGTH_1100_total_count,             8
RET_STALL_LENGTH_1100_total_pct,        0.000

RET_STALL_LENGTH_1200_count,             0
RET_STALL_LENGTH_1200_pct,        0.000
RET_STALL_LENGTH_1200_total_count,             6
RET_STALL_LENGTH_1200_total_pct,        0.000

RET_STALL_LENGTH_1300_count,             2
RET_STALL_LENGTH_1300_pct,        0.000
RET_STALL_LENGTH_1300_total_count,             5
RET_STALL_LENGTH_1300_total_pct,        0.000

RET_STALL_LENGTH_1400_count,             2
RET_STALL_LENGTH_1400_pct,        0.000
RET_STALL_LENGTH_1400_total_count,             3
RET_STALL_LENGTH_1400_total_pct,        0.000

RET_STALL_LENGTH_1500_count,             0
RET_STALL_LENGTH_1500_pct,        0.000
RET_STALL_LENGTH_1500_total_count,             0
RET_STALL_LENGTH_1500_total_pct,        0.000

RET_STALL_LENGTH_1600_count,             0
RET_STALL_LENGTH_1600_pct,        0.000
RET_STALL_LENGTH_1600_total_count,             0
RET_STALL_LENGTH_1600_total_pct,        0.000

RET_STALL_LENGTH_1700_count,             1
RET_STALL_LENGTH_1700_pct,        0.000
RET_STALL_LENGTH_1700_total_count,             2
RET_STALL_LENGTH_1700_total_pct,        0.000

RET_STALL_LENGTH_1800_count,             0
RET_STALL_LENGTH_1800_pct,        0.000
RET_STALL_LENGTH_1800_total_count,             0
RET_STALL_LENGTH_1800_total_pct,        0.000

RET_STALL_LENGTH_1900_count,             1
RET_STALL_LENGTH_1900_pct,        0.000
RET_STALL_LENGTH_1900_total_count,             1
RET_STALL_LENGTH_1900_total_pct,        0.000

RET_STALL_LENGTH_2000_count,             0
RET_STALL_LENGTH_2000_pct,        0.000
RET_STALL_LENGTH_2000_total_count,             0
RET_STALL_LENGTH_2000_total_pct,        0.000

RET_STALL_LENGTH_2100_count,             0
RET_STALL_LENGTH_2100_pct,        0.000
RET_STALL_LENGTH_2100_total_count,             0
RET_STALL_LENGTH_2100_total_pct,        0.000

RET_STALL_LENGTH_2200_count,             0
RET_STALL_LENGTH_2200_pct,        0.000
RET_STALL_LENGTH_2200_total_count,             0
RET_STALL_LENGTH_2200_total_pct,        0.000

RET_STALL_LENGTH_2300_count,             0
RET_STALL_LENGTH_2300_pct,        0.000
RET_STALL_LENGTH_2300_total_count,             0
RET_STALL_LENGTH_2300_total_pct,        0.000

RET_STALL_LENGTH_2400_count,             0
RET_STALL_LENGTH_2400_pct,        0.000
RET_STALL_LENGTH_2400_total_count,             0
RET_STALL_LENGTH_2400_total_pct,        0.000

RET_STALL_LENGTH_2500_count,             0
RET_STALL_LENGTH_2500_pct,        0.000
RET_STALL_LENGTH_2500_total_count,             0
RET_STALL_LENGTH_2500_total_pct,        0.000

RET_STALL_LENGTH_2600_count,             0
RET_STALL_LENGTH_2600_pct,        0.000
RET_STALL_LENGTH_2600_total_count,             0
RET_STALL_LENGTH_2600_total_pct,        0.000

RET_STALL_LENGTH_2700_count,             0
RET_STALL_LENGTH_2700_pct,        0.000
RET_STALL_LENGTH_2700_total_count,             0
RET_STALL_LENGTH_2700_total_pct,        0.000

RET_STALL_LENGTH_2800_count,             0
RET_STALL_LENGTH_2800_pct,        0.000
RET_STALL_LENGTH_2800_total_count,             0
RET_STALL_LENGTH_2800_total_pct,        0.000

RET_STALL_LENGTH_2900_count,             0
RET_STALL_LENGTH_2900_pct,        0.000
RET_STALL_LENGTH_2900_total_count,             0
RET_STALL_LENGTH_2900_total_pct,        0.000

RET_STALL_LENGTH_3000_count,             0
RET_STALL_LENGTH_3000_pct,        0.000
RET_STALL_LENGTH_3000_total_count,             0
RET_STALL_LENGTH_3000_total_pct,        0.000

RET_STALL_LENGTH_3100_count,             0
RET_STALL_LENGTH_3100_pct,        0.000
RET_STALL_LENGTH_3100_total_count,             0
RET_STALL_LENGTH_3100_total_pct,        0.000

RET_STALL_LENGTH_3200_count,             0
RET_STALL_LENGTH_3200_pct,        0.000
RET_STALL_LENGTH_3200_total_count,             0
RET_STALL_LENGTH_3200_total_pct,        0.000

RET_STALL_LENGTH_3300_count,             0
RET_STALL_LENGTH_3300_pct,        0.000
RET_STALL_LENGTH_3300_total_count,             0
RET_STALL_LENGTH_3300_total_pct,        0.000

RET_STALL_LENGTH_3400_count,             0
RET_STALL_LENGTH_3400_pct,        0.000
RET_STALL_LENGTH_3400_total_count,             0
RET_STALL_LENGTH_3400_total_pct,        0.000

RET_STALL_LENGTH_3500_count,             0
RET_STALL_LENGTH_3500_pct,        0.000
RET_STALL_LENGTH_3500_total_count,             0
RET_STALL_LENGTH_3500_total_pct,        0.000

RET_STALL_LENGTH_3600_count,             0
RET_STALL_LENGTH_3600_pct,        0.000
RET_STALL_LENGTH_3600_total_count,             0
RET_STALL_LENGTH_3600_total_pct,        0.000

RET_STALL_LENGTH_3700_count,             0
RET_STALL_LENGTH_3700_pct,        0.000
RET_STALL_LENGTH_3700_total_count,             0
RET_STALL_LENGTH_3700_total_pct,        0.000

RET_STALL_LENGTH_3800_count,             0
RET_STALL_LENGTH_3800_pct,        0.000
RET_STALL_LENGTH_3800_total_count,             0
RET_STALL_LENGTH_3800_total_pct,        0.000

RET_STALL_LENGTH_3900_count,             0
RET_STALL_LENGTH_3900_pct,        0.000
RET_STALL_LENGTH_3900_total_count,             0
RET_STALL_LENGTH_3900_total_pct,        0.000

RET_STALL_LENGTH_4000_count,             0
RET_STALL_LENGTH_4000_pct,        0.000
RET_STALL_LENGTH_4000_total_count,             0
RET_STALL_LENGTH_4000_total_pct,        0.000

RET_STALL_LENGTH_4100_count,             0
RET_STALL_LENGTH_4100_pct,        0.000
RET_STALL_LENGTH_4100_total_count,             0
RET_STALL_LENGTH_4100_total_pct,        0.000

RET_STALL_LENGTH_4200_count,             0
RET_STALL_LENGTH_4200_pct,        0.000
RET_STALL_LENGTH_4200_total_count,             0
RET_STALL_LENGTH_4200_total_pct,        0.000

RET_STALL_LENGTH_4300_count,             0
RET_STALL_LENGTH_4300_pct,        0.000
RET_STALL_LENGTH_4300_total_count,             0
RET_STALL_LENGTH_4300_total_pct,        0.000

RET_STALL_LENGTH_4400_count,             0
RET_STALL_LENGTH_4400_pct,        0.000
RET_STALL_LENGTH_4400_total_count,             0
RET_STALL_LENGTH_4400_total_pct,        0.000

RET_STALL_LENGTH_4500_count,             0
RET_STALL_LENGTH_4500_pct,        0.000
RET_STALL_LENGTH_4500_total_count,             0
RET_STALL_LENGTH_4500_total_pct,        0.000

RET_STALL_LENGTH_4600_count,             0
RET_STALL_LENGTH_4600_pct,        0.000
RET_STALL_LENGTH_4600_total_count,             0
RET_STALL_LENGTH_4600_total_pct,        0.000

RET_STALL_LENGTH_4700_count,             0
RET_STALL_LENGTH_4700_pct,        0.000
RET_STALL_LENGTH_4700_total_count,             0
RET_STALL_LENGTH_4700_total_pct,        0.000

RET_STALL_LENGTH_4800_count,             0
RET_STALL_LENGTH_4800_pct,        0.000
RET_STALL_LENGTH_4800_total_count,             0
RET_STALL_LENGTH_4800_total_pct,        0.000

RET_STALL_LENGTH_4900_count,             0
RET_STALL_LENGTH_4900_pct,        0.000
RET_STALL_LENGTH_4900_total_count,             0
RET_STALL_LENGTH_4900_total_pct,        0.000

RET_STALL_LENGTH_5000_count,             0
RET_STALL_LENGTH_5000_pct,        0.000
RET_STALL_LENGTH_5000_total_count,             0
RET_STALL_LENGTH_5000_total_pct,        0.000
RET_STALL_LENGTH_5000_sum_count,      24369103
RET_STALL_LENGTH_5000_sum_pct,      100.000
RET_STALL_LENGTH_5000_sum_total_count,      47618888
RET_STALL_LENGTH_5000_sum_total_pct,      100.000
RET_STALL_LENGTH_5000_mean,         0.00
RET_STALL_LENGTH_5000_stddev,         0.01
RET_STALL_LENGTH_5000_total_mean,         0.00
RET_STALL_LENGTH_5000_total_stddev,         0.01

MEM_BLOCK_LENGTH_0_count,           124
MEM_BLOCK_LENGTH_0_pct,       66.667
MEM_BLOCK_LENGTH_0_total_count,           212
MEM_BLOCK_LENGTH_0_total_pct,       68.831

MEM_BLOCK_LENGTH_100_count,            30
MEM_BLOCK_LENGTH_100_pct,       16.129
MEM_BLOCK_LENGTH_100_total_count,            52
MEM_BLOCK_LENGTH_100_total_pct,       16.883

MEM_BLOCK_LENGTH_200_count,            18
MEM_BLOCK_LENGTH_200_pct,        9.677
MEM_BLOCK_LENGTH_200_total_count,            25
MEM_BLOCK_LENGTH_200_total_pct,        8.117

MEM_BLOCK_LENGTH_300_count,             7
MEM_BLOCK_LENGTH_300_pct,        3.763
MEM_BLOCK_LENGTH_300_total_count,             9
MEM_BLOCK_LENGTH_300_total_pct,        2.922

MEM_BLOCK_LENGTH_400_count,             5
MEM_BLOCK_LENGTH_400_pct,        2.688
MEM_BLOCK_LENGTH_400_total_count,             5
MEM_BLOCK_LENGTH_400_total_pct,        1.623

MEM_BLOCK_LENGTH_500_count,             2
MEM_BLOCK_LENGTH_500_pct,        1.075
MEM_BLOCK_LENGTH_500_total_count,             4
MEM_BLOCK_LENGTH_500_total_pct,        1.299

MEM_BLOCK_LENGTH_600_count,             0
MEM_BLOCK_LENGTH_600_pct,        0.000
MEM_BLOCK_LENGTH_600_total_count,             0
MEM_BLOCK_LENGTH_600_total_pct,        0.000

MEM_BLOCK_LENGTH_700_count,             0
MEM_BLOCK_LENGTH_700_pct,        0.000
MEM_BLOCK_LENGTH_700_total_count,             0
MEM_BLOCK_LENGTH_700_total_pct,        0.000

MEM_BLOCK_LENGTH_800_count,             0
MEM_BLOCK_LENGTH_800_pct,        0.000
MEM_BLOCK_LENGTH_800_total_count,             0
MEM_BLOCK_LENGTH_800_total_pct,        0.000

MEM_BLOCK_LENGTH_900_count,             0
MEM_BLOCK_LENGTH_900_pct,        0.000
MEM_BLOCK_LENGTH_900_total_count,             0
MEM_BLOCK_LENGTH_900_total_pct,        0.000

MEM_BLOCK_LENGTH_1000_count,             0
MEM_BLOCK_LENGTH_1000_pct,        0.000
MEM_BLOCK_LENGTH_1000_total_count,             0
MEM_BLOCK_LENGTH_1000_total_pct,        0.000

MEM_BLOCK_LENGTH_1100_count,             0
MEM_BLOCK_LENGTH_1100_pct,        0.000
MEM_BLOCK_LENGTH_1100_total_count,             0
MEM_BLOCK_LENGTH_1100_total_pct,        0.000

MEM_BLOCK_LENGTH_1200_count,             0
MEM_BLOCK_LENGTH_1200_pct,        0.000
MEM_BLOCK_LENGTH_1200_total_count,             0
MEM_BLOCK_LENGTH_1200_total_pct,        0.000

MEM_BLOCK_LENGTH_1300_count,             0
MEM_BLOCK_LENGTH_1300_pct,        0.000
MEM_BLOCK_LENGTH_1300_total_count,             0
MEM_BLOCK_LENGTH_1300_total_pct,        0.000

MEM_BLOCK_LENGTH_1400_count,             0
MEM_BLOCK_LENGTH_1400_pct,        0.000
MEM_BLOCK_LENGTH_1400_total_count,             0
MEM_BLOCK_LENGTH_1400_total_pct,        0.000

MEM_BLOCK_LENGTH_1500_count,             0
MEM_BLOCK_LENGTH_1500_pct,        0.000
MEM_BLOCK_LENGTH_1500_total_count,             1
MEM_BLOCK_LENGTH_1500_total_pct,        0.325

MEM_BLOCK_LENGTH_1600_count,             0
MEM_BLOCK_LENGTH_1600_pct,        0.000
MEM_BLOCK_LENGTH_1600_total_count,             0
MEM_BLOCK_LENGTH_1600_total_pct,        0.000

MEM_BLOCK_LENGTH_1700_count,             0
MEM_BLOCK_LENGTH_1700_pct,        0.000
MEM_BLOCK_LENGTH_1700_total_count,             0
MEM_BLOCK_LENGTH_1700_total_pct,        0.000

MEM_BLOCK_LENGTH_1800_count,             0
MEM_BLOCK_LENGTH_1800_pct,        0.000
MEM_BLOCK_LENGTH_1800_total_count,             0
MEM_BLOCK_LENGTH_1800_total_pct,        0.000

MEM_BLOCK_LENGTH_1900_count,             0
MEM_BLOCK_LENGTH_1900_pct,        0.000
MEM_BLOCK_LENGTH_1900_total_count,             0
MEM_BLOCK_LENGTH_1900_total_pct,        0.000

MEM_BLOCK_LENGTH_2000_count,             0
MEM_BLOCK_LENGTH_2000_pct,        0.000
MEM_BLOCK_LENGTH_2000_total_count,             0
MEM_BLOCK_LENGTH_2000_total_pct,        0.000

MEM_BLOCK_LENGTH_2100_count,             0
MEM_BLOCK_LENGTH_2100_pct,        0.000
MEM_BLOCK_LENGTH_2100_total_count,             0
MEM_BLOCK_LENGTH_2100_total_pct,        0.000

MEM_BLOCK_LENGTH_2200_count,             0
MEM_BLOCK_LENGTH_2200_pct,        0.000
MEM_BLOCK_LENGTH_2200_total_count,             0
MEM_BLOCK_LENGTH_2200_total_pct,        0.000

MEM_BLOCK_LENGTH_2300_count,             0
MEM_BLOCK_LENGTH_2300_pct,        0.000
MEM_BLOCK_LENGTH_2300_total_count,             0
MEM_BLOCK_LENGTH_2300_total_pct,        0.000

MEM_BLOCK_LENGTH_2400_count,             0
MEM_BLOCK_LENGTH_2400_pct,        0.000
MEM_BLOCK_LENGTH_2400_total_count,             0
MEM_BLOCK_LENGTH_2400_total_pct,        0.000

MEM_BLOCK_LENGTH_2500_count,             0
MEM_BLOCK_LENGTH_2500_pct,        0.000
MEM_BLOCK_LENGTH_2500_total_count,             0
MEM_BLOCK_LENGTH_2500_total_pct,        0.000

MEM_BLOCK_LENGTH_2600_count,             0
MEM_BLOCK_LENGTH_2600_pct,        0.000
MEM_BLOCK_LENGTH_2600_total_count,             0
MEM_BLOCK_LENGTH_2600_total_pct,        0.000

MEM_BLOCK_LENGTH_2700_count,             0
MEM_BLOCK_LENGTH_2700_pct,        0.000
MEM_BLOCK_LENGTH_2700_total_count,             0
MEM_BLOCK_LENGTH_2700_total_pct,        0.000

MEM_BLOCK_LENGTH_2800_count,             0
MEM_BLOCK_LENGTH_2800_pct,        0.000
MEM_BLOCK_LENGTH_2800_total_count,             0
MEM_BLOCK_LENGTH_2800_total_pct,        0.000

MEM_BLOCK_LENGTH_2900_count,             0
MEM_BLOCK_LENGTH_2900_pct,        0.000
MEM_BLOCK_LENGTH_2900_total_count,             0
MEM_BLOCK_LENGTH_2900_total_pct,        0.000

MEM_BLOCK_LENGTH_3000_count,             0
MEM_BLOCK_LENGTH_3000_pct,        0.000
MEM_BLOCK_LENGTH_3000_total_count,             0
MEM_BLOCK_LENGTH_3000_total_pct,        0.000

MEM_BLOCK_LENGTH_3100_count,             0
MEM_BLOCK_LENGTH_3100_pct,        0.000
MEM_BLOCK_LENGTH_3100_total_count,             0
MEM_BLOCK_LENGTH_3100_total_pct,        0.000

MEM_BLOCK_LENGTH_3200_count,             0
MEM_BLOCK_LENGTH_3200_pct,        0.000
MEM_BLOCK_LENGTH_3200_total_count,             0
MEM_BLOCK_LENGTH_3200_total_pct,        0.000

MEM_BLOCK_LENGTH_3300_count,             0
MEM_BLOCK_LENGTH_3300_pct,        0.000
MEM_BLOCK_LENGTH_3300_total_count,             0
MEM_BLOCK_LENGTH_3300_total_pct,        0.000

MEM_BLOCK_LENGTH_3400_count,             0
MEM_BLOCK_LENGTH_3400_pct,        0.000
MEM_BLOCK_LENGTH_3400_total_count,             0
MEM_BLOCK_LENGTH_3400_total_pct,        0.000

MEM_BLOCK_LENGTH_3500_count,             0
MEM_BLOCK_LENGTH_3500_pct,        0.000
MEM_BLOCK_LENGTH_3500_total_count,             0
MEM_BLOCK_LENGTH_3500_total_pct,        0.000

MEM_BLOCK_LENGTH_3600_count,             0
MEM_BLOCK_LENGTH_3600_pct,        0.000
MEM_BLOCK_LENGTH_3600_total_count,             0
MEM_BLOCK_LENGTH_3600_total_pct,        0.000

MEM_BLOCK_LENGTH_3700_count,             0
MEM_BLOCK_LENGTH_3700_pct,        0.000
MEM_BLOCK_LENGTH_3700_total_count,             0
MEM_BLOCK_LENGTH_3700_total_pct,        0.000

MEM_BLOCK_LENGTH_3800_count,             0
MEM_BLOCK_LENGTH_3800_pct,        0.000
MEM_BLOCK_LENGTH_3800_total_count,             0
MEM_BLOCK_LENGTH_3800_total_pct,        0.000

MEM_BLOCK_LENGTH_3900_count,             0
MEM_BLOCK_LENGTH_3900_pct,        0.000
MEM_BLOCK_LENGTH_3900_total_count,             0
MEM_BLOCK_LENGTH_3900_total_pct,        0.000

MEM_BLOCK_LENGTH_4000_count,             0
MEM_BLOCK_LENGTH_4000_pct,        0.000
MEM_BLOCK_LENGTH_4000_total_count,             0
MEM_BLOCK_LENGTH_4000_total_pct,        0.000

MEM_BLOCK_LENGTH_4100_count,             0
MEM_BLOCK_LENGTH_4100_pct,        0.000
MEM_BLOCK_LENGTH_4100_total_count,             0
MEM_BLOCK_LENGTH_4100_total_pct,        0.000

MEM_BLOCK_LENGTH_4200_count,             0
MEM_BLOCK_LENGTH_4200_pct,        0.000
MEM_BLOCK_LENGTH_4200_total_count,             0
MEM_BLOCK_LENGTH_4200_total_pct,        0.000

MEM_BLOCK_LENGTH_4300_count,             0
MEM_BLOCK_LENGTH_4300_pct,        0.000
MEM_BLOCK_LENGTH_4300_total_count,             0
MEM_BLOCK_LENGTH_4300_total_pct,        0.000

MEM_BLOCK_LENGTH_4400_count,             0
MEM_BLOCK_LENGTH_4400_pct,        0.000
MEM_BLOCK_LENGTH_4400_total_count,             0
MEM_BLOCK_LENGTH_4400_total_pct,        0.000

MEM_BLOCK_LENGTH_4500_count,             0
MEM_BLOCK_LENGTH_4500_pct,        0.000
MEM_BLOCK_LENGTH_4500_total_count,             0
MEM_BLOCK_LENGTH_4500_total_pct,        0.000

MEM_BLOCK_LENGTH_4600_count,             0
MEM_BLOCK_LENGTH_4600_pct,        0.000
MEM_BLOCK_LENGTH_4600_total_count,             0
MEM_BLOCK_LENGTH_4600_total_pct,        0.000

MEM_BLOCK_LENGTH_4700_count,             0
MEM_BLOCK_LENGTH_4700_pct,        0.000
MEM_BLOCK_LENGTH_4700_total_count,             0
MEM_BLOCK_LENGTH_4700_total_pct,        0.000

MEM_BLOCK_LENGTH_4800_count,             0
MEM_BLOCK_LENGTH_4800_pct,        0.000
MEM_BLOCK_LENGTH_4800_total_count,             0
MEM_BLOCK_LENGTH_4800_total_pct,        0.000

MEM_BLOCK_LENGTH_4900_count,             0
MEM_BLOCK_LENGTH_4900_pct,        0.000
MEM_BLOCK_LENGTH_4900_total_count,             0
MEM_BLOCK_LENGTH_4900_total_pct,        0.000

MEM_BLOCK_LENGTH_5000_count,             0
MEM_BLOCK_LENGTH_5000_pct,        0.000
MEM_BLOCK_LENGTH_5000_total_count,             0
MEM_BLOCK_LENGTH_5000_total_pct,        0.000
MEM_BLOCK_LENGTH_5000_sum_count,           186
MEM_BLOCK_LENGTH_5000_sum_pct,      100.000
MEM_BLOCK_LENGTH_5000_sum_total_count,           308
MEM_BLOCK_LENGTH_5000_sum_total_pct,      100.000
MEM_BLOCK_LENGTH_5000_mean,         0.63
MEM_BLOCK_LENGTH_5000_stddev,         0.97
MEM_BLOCK_LENGTH_5000_total_mean,         0.60
MEM_BLOCK_LENGTH_5000_total_stddev,         1.21

FUS_BUSY_ON_PATH_count,      28943106
FUS_BUSY_ON_PATH_pct,        4.708
FUS_BUSY_ON_PATH_total_count,      56319539
FUS_BUSY_ON_PATH_total_pct,        4.633

FUS_BUSY_OFF_PATH_count,         63471
FUS_BUSY_OFF_PATH_pct,        0.010
FUS_BUSY_OFF_PATH_total_count,        240531
FUS_BUSY_OFF_PATH_total_pct,        0.020

FU_BUSY_MEM_STALL_count,       4573102
FU_BUSY_MEM_STALL_pct,        0.744
FU_BUSY_MEM_STALL_total_count,       8700112
FU_BUSY_MEM_STALL_total_pct,        0.716

FUS_EMPTY_count,      20169607
FUS_EMPTY_pct,        3.281
FUS_EMPTY_total_count,      40690194
FUS_EMPTY_total_pct,        3.347

FU_UNAVAILABLE_count,          2167
FU_UNAVAILABLE_pct,        0.000
FU_UNAVAILABLE_total_count,          4770
FU_UNAVAILABLE_total_pct,        0.000

FU_MEM_UNAVAILABLE_count,       4552981
FU_MEM_UNAVAILABLE_pct,        0.741
FU_MEM_UNAVAILABLE_total_count,       8660708
FU_MEM_UNAVAILABLE_total_pct,        0.712

FU_REPLAY_count,             0
FU_REPLAY_pct,        0.000
FU_REPLAY_total_count,             0
FU_REPLAY_total_pct,        0.000

FU_STARVED_count,      20164522
FU_STARVED_pct,        3.280
FU_STARVED_total_count,      40670527
FU_STARVED_total_pct,        3.346

CHIP_UTILIZATION_count,             0
CHIP_UTILIZATION_pct,        0.000
CHIP_UTILIZATION_total_count,             0
CHIP_UTILIZATION_total_pct,        0.000

CYCLES_UNDER_MEM_REQ_count,             0
CYCLES_UNDER_MEM_REQ_total_count,             0

CYCLES_UNDER_NO_MEM_REQ_count,             0
CYCLES_UNDER_NO_MEM_REQ_total_count,             0

CYCLES_UNDER_CRITICAL_MEM_REQ_count,             0
CYCLES_UNDER_CRITICAL_MEM_REQ_total_count,             0

CYCLES_UNDER_NONCRITICAL_MEM_REQ_count,             0
CYCLES_UNDER_NONCRITICAL_MEM_REQ_total_count,             0

CHIP_UTILIZATION_UNDER_MEM_REQ_count,             0
CHIP_UTILIZATION_UNDER_MEM_REQ_pct,         -nan
CHIP_UTILIZATION_UNDER_MEM_REQ_total_count,             0
CHIP_UTILIZATION_UNDER_MEM_REQ_total_pct,         -nan

CHIP_UTILIZATION_UNDER_NO_MEM_REQ_count,             0
CHIP_UTILIZATION_UNDER_NO_MEM_REQ_pct,         -nan
CHIP_UTILIZATION_UNDER_NO_MEM_REQ_total_count,             0
CHIP_UTILIZATION_UNDER_NO_MEM_REQ_total_pct,         -nan

CHIP_UTILIZATION_UNDER_CRITICAL_MEM_REQ_count,             0
CHIP_UTILIZATION_UNDER_CRITICAL_MEM_REQ_pct,         -nan
CHIP_UTILIZATION_UNDER_CRITICAL_MEM_REQ_total_count,             0
CHIP_UTILIZATION_UNDER_CRITICAL_MEM_REQ_total_pct,         -nan

CHIP_UTILIZATION_UNDER_NONCRITICAL_MEM_REQ_count,             0
CHIP_UTILIZATION_UNDER_NONCRITICAL_MEM_REQ_pct,         -nan
CHIP_UTILIZATION_UNDER_NONCRITICAL_MEM_REQ_total_count,             0
CHIP_UTILIZATION_UNDER_NONCRITICAL_MEM_REQ_total_pct,         -nan

CYCLES_NOT_WAITING_FOR_OFF_CHIP_count,             0
CYCLES_NOT_WAITING_FOR_OFF_CHIP_pct,        0.000
CYCLES_NOT_WAITING_FOR_OFF_CHIP_total_count,             0
CYCLES_NOT_WAITING_FOR_OFF_CHIP_total_pct,        0.000

FUS_BUSY_NOT_WAITING_FOR_OFF_CHIP_count,             0
FUS_BUSY_NOT_WAITING_FOR_OFF_CHIP_pct,         -nan
FUS_BUSY_NOT_WAITING_FOR_OFF_CHIP_total_count,             0
FUS_BUSY_NOT_WAITING_FOR_OFF_CHIP_total_pct,         -nan

CYCLES_WAITING_FOR_OFF_CHIP_count,             0
CYCLES_WAITING_FOR_OFF_CHIP_pct,        0.000
CYCLES_WAITING_FOR_OFF_CHIP_total_count,             0
CYCLES_WAITING_FOR_OFF_CHIP_total_pct,        0.000

FUS_BUSY_WAITING_FOR_OFF_CHIP_count,             0
FUS_BUSY_WAITING_FOR_OFF_CHIP_pct,         -nan
FUS_BUSY_WAITING_FOR_OFF_CHIP_total_count,             0
FUS_BUSY_WAITING_FOR_OFF_CHIP_total_pct,         -nan

TOTAL_OFF_CHIP_DELAYS_LEFT_count,             0
TOTAL_OFF_CHIP_DELAYS_LEFT_total_count,             0

WRONG_IO_SCHED_count,             0
WRONG_IO_SCHED_total_count,             0

DVFS_CONFIG_SWITCH_count,             0
DVFS_CONFIG_SWITCH_total_count,             0

MAP_STAGE_RECEIVED_OPS_0_count,             0
MAP_STAGE_RECEIVED_OPS_0_pct,        0.000
MAP_STAGE_RECEIVED_OPS_0_total_count,             0
MAP_STAGE_RECEIVED_OPS_0_total_pct,        0.000

MAP_STAGE_RECEIVED_OPS_1_count,         82868
MAP_STAGE_RECEIVED_OPS_1_pct,        1.423
MAP_STAGE_RECEIVED_OPS_1_total_count,        170829
MAP_STAGE_RECEIVED_OPS_1_total_pct,        1.505

MAP_STAGE_RECEIVED_OPS_2_count,        161199
MAP_STAGE_RECEIVED_OPS_2_pct,        2.767
MAP_STAGE_RECEIVED_OPS_2_total_count,        335431
MAP_STAGE_RECEIVED_OPS_2_total_pct,        2.955

MAP_STAGE_RECEIVED_OPS_3_count,        106173
MAP_STAGE_RECEIVED_OPS_3_pct,        1.823
MAP_STAGE_RECEIVED_OPS_3_total_count,        217791
MAP_STAGE_RECEIVED_OPS_3_total_pct,        1.919

MAP_STAGE_RECEIVED_OPS_4_count,       4543870
MAP_STAGE_RECEIVED_OPS_4_pct,       78.002
MAP_STAGE_RECEIVED_OPS_4_total_count,       8698122
MAP_STAGE_RECEIVED_OPS_4_total_pct,       76.636

MAP_STAGE_RECEIVED_OPS_5_count,        118713
MAP_STAGE_RECEIVED_OPS_5_pct,        2.038
MAP_STAGE_RECEIVED_OPS_5_total_count,        240926
MAP_STAGE_RECEIVED_OPS_5_total_pct,        2.123

MAP_STAGE_RECEIVED_OPS_6_count,        812494
MAP_STAGE_RECEIVED_OPS_6_pct,       13.948
MAP_STAGE_RECEIVED_OPS_6_total_count,       1686749
MAP_STAGE_RECEIVED_OPS_6_total_pct,       14.861

MAP_STAGE_RECEIVED_OPS_7_count,             0
MAP_STAGE_RECEIVED_OPS_7_pct,        0.000
MAP_STAGE_RECEIVED_OPS_7_total_count,             0
MAP_STAGE_RECEIVED_OPS_7_total_pct,        0.000

MAP_STAGE_RECEIVED_OPS_8_count,             0
MAP_STAGE_RECEIVED_OPS_8_pct,        0.000
MAP_STAGE_RECEIVED_OPS_8_total_count,             0
MAP_STAGE_RECEIVED_OPS_8_total_pct,        0.000

MAP_STAGE_RECEIVED_OPS_MAX_count,             0
MAP_STAGE_RECEIVED_OPS_MAX_pct,        0.000
MAP_STAGE_RECEIVED_OPS_MAX_total_count,             0
MAP_STAGE_RECEIVED_OPS_MAX_total_pct,        0.000
MAP_STAGE_RECEIVED_OPS_MAX_sum_count,       5825317
MAP_STAGE_RECEIVED_OPS_MAX_sum_pct,      100.000
MAP_STAGE_RECEIVED_OPS_MAX_sum_total_count,      11349848
MAP_STAGE_RECEIVED_OPS_MAX_sum_total_pct,      100.000
MAP_STAGE_RECEIVED_OPS_MAX_mean,         4.18
MAP_STAGE_RECEIVED_OPS_MAX_stddev,         0.90
MAP_STAGE_RECEIVED_OPS_MAX_total_mean,         4.20
MAP_STAGE_RECEIVED_OPS_MAX_total_stddev,         0.92

MAP_STAGE_WAIT_FOR_DECODE_count,             0
MAP_STAGE_WAIT_FOR_DECODE_pct,         -nan
MAP_STAGE_WAIT_FOR_DECODE_total_count,             0
MAP_STAGE_WAIT_FOR_DECODE_total_pct,         -nan

MAP_STAGE_CONSUME_DECODE_count,             0
MAP_STAGE_CONSUME_DECODE_pct,         -nan
MAP_STAGE_CONSUME_DECODE_total_count,             0
MAP_STAGE_CONSUME_DECODE_total_pct,         -nan
MAP_STAGE_CONSUME_DECODE_sum_count,             0
MAP_STAGE_CONSUME_DECODE_sum_pct,         -nan
MAP_STAGE_CONSUME_DECODE_sum_total_count,             0
MAP_STAGE_CONSUME_DECODE_sum_total_pct,         -nan
MAP_STAGE_CONSUME_DECODE_mean,         -nan
MAP_STAGE_CONSUME_DECODE_stddev,         -nan
MAP_STAGE_CONSUME_DECODE_total_mean,         -nan
MAP_STAGE_CONSUME_DECODE_total_stddev,         -nan

MAP_STAGE_WAIT_FOR_DECODE2_count,             0
MAP_STAGE_WAIT_FOR_DECODE2_pct,         -nan
MAP_STAGE_WAIT_FOR_DECODE2_total_count,             0
MAP_STAGE_WAIT_FOR_DECODE2_total_pct,         -nan

MAP_STAGE_CONSUME_DECODE2_count,             0
MAP_STAGE_CONSUME_DECODE2_pct,         -nan
MAP_STAGE_CONSUME_DECODE2_total_count,             0
MAP_STAGE_CONSUME_DECODE2_total_pct,         -nan
MAP_STAGE_CONSUME_DECODE2_sum_count,             0
MAP_STAGE_CONSUME_DECODE2_sum_pct,         -nan
MAP_STAGE_CONSUME_DECODE2_sum_total_count,             0
MAP_STAGE_CONSUME_DECODE2_sum_total_pct,         -nan
MAP_STAGE_CONSUME_DECODE2_mean,         -nan
MAP_STAGE_CONSUME_DECODE2_stddev,         -nan
MAP_STAGE_CONSUME_DECODE2_total_mean,         -nan
MAP_STAGE_CONSUME_DECODE2_total_stddev,         -nan

FTQ_RECOVER_EXEC_count,          1421
FTQ_RECOVER_EXEC_total_count,          5734

FTQ_RECOVER_DECODE_count,            44
FTQ_RECOVER_DECODE_total_count,           758

FTQ_OFFPATH_CYCLES_count,        102822
FTQ_OFFPATH_CYCLES_total_count,        409726

FTQ_CYCLES_OFFPATH_count,        178239
FTQ_CYCLES_OFFPATH_total_count,        588793

FTQ_CYCLES_ONPATH_count,       5968784
FTQ_CYCLES_ONPATH_total_count,      11567490

FTQ_FETCHED_INS_OFFPATH_count,        593112
FTQ_FETCHED_INS_OFFPATH_total_count,       2868285

FTQ_FETCHED_INS_ONPATH_count,      24367570
FTQ_FETCHED_INS_ONPATH_total_count,      47612950

FTQ_BREAK_FULL_FT_ONPATH_count,       5951889
FTQ_BREAK_FULL_FT_ONPATH_pct,       99.741
FTQ_BREAK_FULL_FT_ONPATH_total_count,      11519451
FTQ_BREAK_FULL_FT_ONPATH_total_pct,       99.641

FTQ_BREAK_MAX_CFS_TAKEN_ONPATH_count,         13205
FTQ_BREAK_MAX_CFS_TAKEN_ONPATH_pct,        0.221
FTQ_BREAK_MAX_CFS_TAKEN_ONPATH_total_count,         35930
FTQ_BREAK_MAX_CFS_TAKEN_ONPATH_total_pct,        0.311

FTQ_BREAK_MAX_BYTES_ONPATH_count,          2225
FTQ_BREAK_MAX_BYTES_ONPATH_pct,        0.037
FTQ_BREAK_MAX_BYTES_ONPATH_total_count,          5617
FTQ_BREAK_MAX_BYTES_ONPATH_total_pct,        0.049

FTQ_BREAK_PRED_BR_ONPATH_count,             0
FTQ_BREAK_PRED_BR_ONPATH_pct,        0.000
FTQ_BREAK_PRED_BR_ONPATH_total_count,             0
FTQ_BREAK_PRED_BR_ONPATH_total_pct,        0.000

FTQ_BREAK_BAR_FETCH_ONPATH_count,             0
FTQ_BREAK_BAR_FETCH_ONPATH_pct,        0.000
FTQ_BREAK_BAR_FETCH_ONPATH_total_count,             0
FTQ_BREAK_BAR_FETCH_ONPATH_total_pct,        0.000
FTQ_BREAK_BAR_FETCH_ONPATH_sum_count,       5967319
FTQ_BREAK_BAR_FETCH_ONPATH_sum_pct,      100.000
FTQ_BREAK_BAR_FETCH_ONPATH_sum_total_count,      11560998
FTQ_BREAK_BAR_FETCH_ONPATH_sum_total_pct,      100.000
FTQ_BREAK_BAR_FETCH_ONPATH_mean,         0.00
FTQ_BREAK_BAR_FETCH_ONPATH_stddev,         0.06
FTQ_BREAK_BAR_FETCH_ONPATH_total_mean,         0.00
FTQ_BREAK_BAR_FETCH_ONPATH_total_stddev,         0.07

FTQ_BREAK_FULL_FT_OFFPATH_count,        172928
FTQ_BREAK_FULL_FT_OFFPATH_pct,       96.229
FTQ_BREAK_FULL_FT_OFFPATH_total_count,        539700
FTQ_BREAK_FULL_FT_OFFPATH_total_pct,       90.662

FTQ_BREAK_MAX_CFS_TAKEN_OFFPATH_count,          5560
FTQ_BREAK_MAX_CFS_TAKEN_OFFPATH_pct,        3.094
FTQ_BREAK_MAX_CFS_TAKEN_OFFPATH_total_count,         32960
FTQ_BREAK_MAX_CFS_TAKEN_OFFPATH_total_pct,        5.537

FTQ_BREAK_MAX_BYTES_OFFPATH_count,          1216
FTQ_BREAK_MAX_BYTES_OFFPATH_pct,        0.677
FTQ_BREAK_MAX_BYTES_OFFPATH_total_count,         22625
FTQ_BREAK_MAX_BYTES_OFFPATH_total_pct,        3.801

FTQ_BREAK_PRED_BR_OFFPATH_count,             0
FTQ_BREAK_PRED_BR_OFFPATH_pct,        0.000
FTQ_BREAK_PRED_BR_OFFPATH_total_count,             0
FTQ_BREAK_PRED_BR_OFFPATH_total_pct,        0.000

FTQ_BREAK_BAR_FETCH_OFFPATH_count,             0
FTQ_BREAK_BAR_FETCH_OFFPATH_pct,        0.000
FTQ_BREAK_BAR_FETCH_OFFPATH_total_count,             0
FTQ_BREAK_BAR_FETCH_OFFPATH_total_pct,        0.000
FTQ_BREAK_BAR_FETCH_OFFPATH_sum_count,        179704
FTQ_BREAK_BAR_FETCH_OFFPATH_sum_pct,      100.000
FTQ_BREAK_BAR_FETCH_OFFPATH_sum_total_count,        595285
FTQ_BREAK_BAR_FETCH_OFFPATH_sum_total_pct,      100.000
FTQ_BREAK_BAR_FETCH_OFFPATH_mean,         0.04
FTQ_BREAK_BAR_FETCH_OFFPATH_stddev,         0.23
FTQ_BREAK_BAR_FETCH_OFFPATH_total_mean,         0.13
FTQ_BREAK_BAR_FETCH_OFFPATH_total_stddev,         0.42



